              PB = 12345.6789 s
           PBDOT = 1.1
              A1 = 2.2 lt-s
            XDOT = 3.3 lt-s/s
           X2DOT = 4.4 lt-s/s**2
             ECC = 5.5
          ECCDOT = 6.6 s**(-1)
              OM = 0.134390352403563 radians
           OMDOT = 4.8669409009399e-09 radians/s
          OM2DOT = 1.73502056986507e-16 radians/s**2
              T0 = 12345.6 MJD (TDB)
         DELTA_R = 11.1
     DELTA_THETA = 22.2
           GAMMA = 33.3 s
       SHAPIRO_R = 4.44e-05 s
       SHAPIRO_S = 55.5
    ABERRATION_A = 66.6 s
    ABERRATION_B = 77.7 s